# This file contains the results of an optimised parametrisation of the measured materials manifold
# e
# inverse mapping matrix
100 100
    9422.1     16.522    16.4865    16.6029   -301.015   -496.014    16.4013    3.69477    315.636    24.4667    16.0305   -4.31411    -499.85    156.637   -118.376    -4.8584    16.5291    16.0197    156.035    16.6497   -10.4762   -4.51345   -464.134   -472.724    23.6452   -897.404    16.6284    16.6326    80.3211   -194.685    17.0644   -23.1888    16.4998    15.4039   -248.582    17.3254   -111.506    16.6176    -218.81    16.3096    16.1841    16.6228    -520.76   -60.8448    18.8257    16.5957   -65.5115   -363.229   -313.823   -13.4437   -462.209   -445.323    16.5828    15.7608    -298.77    16.1974    19.9168    30.1008    17.0877    -415.44   -437.074    16.8999    16.6939   -209.901   -477.691    15.8213    16.2884    16.5987    16.5694    15.8897   -148.929   -291.361     53.588   -41.3654    15.9804    16.5058    16.5797   -680.271   -470.332    80.5352   -90.5538    -68.506    16.4194    16.6007    16.2973   -580.789   -161.274    14.9419    16.5103    16.9721    16.6531    16.4289    16.5743    16.2375    17.8298    16.2953    16.3639    16.5602   -487.004    16.0229
    16.522    9791.07   -204.119    -203.02   -34.7281  -0.219483   -208.362    3.19718   -62.7877   -3.35646   -200.586   -6.36756     12.915   -38.7598   -112.713    6.67221   -15.0584   -198.361    9.80666    -209.21    20.7833    1.13699   -17.8582    26.1873   -119.466   -41.9283   -209.248   -209.361    43.1582   -43.7171   -201.964   -4.08879   -201.221   -200.952    16.9035   -209.796   -53.3298   -188.414   -62.6752   -204.931   -198.171    -208.91    26.3317    6.00819   -129.826   -209.083   -12.6099    -7.7642    8.89454   -11.3095    9.52665    23.7185   -209.071   -197.486   -9.16312   -206.175    59.0313    8.99789   -193.274   0.397888    26.7369   -188.659   -209.446   -17.8704    28.2285   -177.324   -206.896   -209.106   -209.166   -198.595    17.3261    11.1822   -31.7258    5.75294   -206.582   -208.402   -208.904    25.9931    9.27177    77.9444   -152.193    3.07232   -204.221   -209.173   -204.907    29.9447    26.5378   -192.216   -209.052   -210.099    -209.29   -208.409    -202.98   -207.472   -178.412   -199.848   -201.533   -209.128   -13.9514   -208.358
   16.4865   -204.119    9799.34   -199.907   -28.9024    4.36347   -203.679    1.86686   -31.8267   -2.88473   -197.978   -7.12159    13.0275   -19.2354   -105.928    6.51583    -13.081   -196.359    15.5395    -204.36     14.044    2.23843   -8.36628    24.3428   -137.078   -42.0684    -204.38   -204.462   -3.11353   -46.0902    -199.28   -2.74089   -198.576   -198.059     12.498   -204.986   -62.1668   -189.212   -57.2723   -201.196   -196.268   -204.138    24.1599   -15.9172   -144.392   -204.253   -11.9702   -7.00347    10.0337   -38.2095    10.0092    22.5503    -204.24   -195.647   -3.14557   -202.054    41.4048    5.12146   -192.937    4.84876    25.1355   -189.471   -204.542   -23.8657     25.981   -180.698   -202.598    -204.27   -204.304   -196.491    4.15554    11.3069    -68.415   -18.5712   -202.279    -203.74    -204.12    22.7135    9.66024    52.9653   -128.359    8.86635   -200.718   -204.319   -201.175     26.815    19.9844   -191.557   -204.204   -205.092   -204.418   -203.721    -199.87   -202.994   -182.042    -197.52   -198.762   -204.274   -5.60413    -203.56
   16.6029    -203.02   -199.907    9800.76   -26.9725    5.61622   -202.611     1.5359    -24.217   -2.74743    -197.43   -7.41312    13.3307   -14.4805    -103.86    6.53594   -12.7211   -195.964    16.7179    -203.25    12.3931    2.56814   -6.01062    24.0858   -141.636   -43.0717   -203.267    -203.34   -14.9873   -46.2531    -198.72   -2.44269   -198.022   -197.436    11.6757   -203.891   -64.0719   -189.525   -55.4429   -200.366   -195.899   -203.048    23.8024   -21.2351   -148.165   -203.148   -11.7185    -6.3767    10.5293   -44.8997    10.4562     22.479   -203.136   -195.291   -1.31696   -201.127    37.0009     4.1747   -192.968    6.10932    24.9336   -189.789   -203.419   -24.9562    25.6078   -181.654   -201.626   -203.164   -203.191    -196.07    1.14445    11.5572   -77.8493   -24.5347   -201.304   -202.677   -203.027    21.7763    10.0752    46.6078   -122.013    10.3261   -199.948   -203.208   -200.346    26.1257    18.5429   -191.494   -203.095   -203.945   -203.303   -202.652   -199.199   -201.976   -183.074   -197.044   -198.175   -203.163   -3.51956    -202.46
  -301.015   -34.7281   -28.9024   -26.9725    9427.94   -132.749   -34.6504   -2.43134   -238.976   -5.30512    -27.088    39.4758   -409.039    174.465   -395.131   -24.2752     56.017   -24.5895  -0.198312   -34.4032    31.6073   -40.0893     18.839   -530.123    63.5325    517.145   -34.5685   -34.6915    233.956   -390.105   -23.3191    29.4986    -25.395   -30.7626   -174.889   -31.4967   -259.564   -11.0945   -502.661   -30.8269    -23.534   -34.1615   -472.712   -94.2675    39.8217   -34.5317   -23.9456   -468.156   -126.551    -12.619   -488.798   -554.197   -34.5859   -24.9244   -635.229   -32.9654    68.8819    52.1601   -13.6739   -114.911   -559.369   -9.94972   -34.4705   -338.954   -525.781   -4.59698   -33.3864   -34.5442   -34.7813   -25.5211   -175.106   -126.354    181.177   -60.9503   -34.6336   -34.1387   -34.3858   -207.862   -416.876     133.09   -520.925    93.2405   -29.3796    -34.621   -30.8625   -390.765   -78.8856   -23.2642    -34.952   -33.8085   -34.4888   -34.5623   -27.0751   -34.3903      3.901   -24.8669   -26.4655   -34.7817   -10.8334   -36.6826
  -496.014  -0.219483    4.36347    5.61622   -132.749    9269.42   0.120331    18.3322     293.25   -3.23681    6.90792    5.86225   -384.897   -425.316    -86.625   -11.3691    54.5981     8.9673    454.071  -0.271773   -37.7918   -45.0326    -885.28   -79.0995    84.5193   -952.553  -0.346846  -0.449542    258.172   -178.244    7.43481   -30.0026     7.1371    5.46512   -472.379   0.342135   -103.478    19.0717   -138.708    3.27498    9.43374  -0.026117   -196.583   -72.4363    68.3839  -0.242768   -118.519   -295.942   -621.236    34.2835   -266.165   -35.6322  -0.253641    9.32266    84.8867    1.88267    -157.25    125.945    15.5429   -720.255    3.67888    19.3611  -0.425926   -235.291   -73.3662    27.2359    1.34626  -0.259303  -0.370058    8.52048   -258.896   -594.573    191.223   -34.0281    1.11101   0.264443 -0.0953469   -473.234   -384.671    10.1995   -24.3658   -575.046    4.14809  -0.322015    3.27646   -290.332   -436.624    12.6948  -0.361328  -0.577567  -0.344362   0.122836    5.60344   0.698902    29.9629    8.06661    6.60308   -0.34885   -859.829  -0.536874
   16.4013   -208.362   -203.679   -202.611   -34.6504   0.120331    9792.19    3.07127   -59.8852   -3.33169   -200.227   -6.33157    12.6576    -36.785   -112.438    6.59195   -14.7356   -198.058    10.5401    -208.64    20.1273    1.18636   -16.9271    25.8006   -120.977     -40.98   -208.677   -208.787    39.0371   -44.3647   -201.592   -3.92618   -200.856    -200.57    16.2108   -209.226   -54.4657   -188.369   -62.6382   -204.467   -197.877   -208.348    25.9387    3.75902   -131.071   -208.516   -12.6173   -8.12095     8.7995   -13.9036    9.24932    23.3766   -208.504     -197.2   -8.94035   -205.675    57.3241    8.60854    -193.12   0.683582    26.3736   -188.613   -208.871   -18.8395    27.8187   -177.524   -206.379   -208.537   -208.596   -198.284    15.7942    10.9814   -34.9572    3.32007   -206.066   -207.851   -208.341    25.8032    8.99858    75.6382    -150.34    3.60533   -203.777   -208.603   -204.443    29.5561    25.7154   -192.044   -208.483   -209.513   -208.718   -207.856   -202.572   -206.939   -178.624   -199.513   -201.157   -208.559   -13.1442   -207.797
   3.69477    3.19718    1.86686     1.5359   -2.43134    18.3322    3.07127    29.9785    10.9416   -22.8061    1.03873    -9.7254  0.0605959    -120.75    3.40447    9.80657   -15.4762   0.454944    123.491    3.24097    8.51108    1.33387    19.4797    -20.876   -15.7965    59.1029    3.25805    3.28891   -13.4524  -0.123557    1.12546   -3.38187    1.08094    1.30598     9.6171    3.21368   -4.44824   -2.19112    1.28633     2.1388    0.36166    3.16348   -15.5438    -5.6304   -13.5768    3.22044   -72.5951    1.32076     12.601   -12.4355    -5.6221   -21.7366    3.22072   0.295673   -15.2402     2.5146    6.57919    11.5898   -1.12295    16.6208   -24.2981   -2.20359    3.29575    1.00457   -21.8992    -4.5457    2.69024    3.22593    3.25163   0.550877    2.98972    11.7352   -23.4028   -7.43138    2.68906    3.05282    3.17397   -3.79065    1.57548    13.7577    15.4923   -18.8066    1.91327    3.24464    2.13559   -12.7514    7.14012   -0.83478    3.23587    3.40203    3.26286    3.07672    1.53305    2.86643   -4.78451   0.771676     1.2012    3.24339    20.7816    3.17793
   315.636   -62.7877   -31.8267    -24.217   -238.976     293.25   -59.8852    10.9416    2089.46    -10.317   -13.0904    35.8055    251.942   -789.088   -123.169   -41.7357    269.838  0.0379134    -130.24   -63.7479   -427.561    -34.839    108.024   -379.339    296.372    132.559    -64.164   -64.8909    136.162     240.66   -14.7839   -131.238   -13.9277   -19.3293    250.426   -62.7089    302.825    57.4849   -78.4233   -38.1613     2.1453   -61.9344   -80.5316    315.545    268.684   -63.2944    173.852    223.634    194.239    327.902    76.6859   -524.551   -63.3085    3.55802    -1214.5   -46.9367   -218.576   -103.263    34.6838    231.553   -647.353    57.6925   -65.0162    343.105   -389.903    106.387    -50.996   -63.4223   -64.0467   -2.13113    297.966    185.433    323.109    309.102     -51.12   -59.3925   -62.2067    267.652    269.319   -316.602   -1220.48   -381.929   -32.9181   -63.8632    -38.092    88.9113    81.6597    28.5205   -63.7087   -67.3615    -64.263   -59.9983   -24.1614   -55.1529    110.155   -7.00969   -16.6837   -63.8573    164.094   -62.6177
   24.4667   -3.35646   -2.88473   -2.74743   -5.30512   -3.23681   -3.33169   -22.8061    -10.317     40.294   -2.66053    13.5438    21.8795   -31.6369   -13.3765   -14.6208    30.9609   -2.45201   -39.2356   -3.35033   -18.1096   -2.65992   -36.8016    22.8828    4.63705   -140.888   -3.36014   -3.37051     14.409   0.194155   -2.52707    10.6507   -2.60141   -2.85604    13.4945   -3.22405    1.76401   -1.41406    -9.0544   -3.01134   -2.39315   -3.32708    29.2093    13.8926    3.32375   -3.35222    43.2179    9.66974    3.83045    11.5372    18.3495    18.0538   -3.35453   -2.43422   -10.8278   -3.16526     20.046   -20.6304   -1.72768   -4.65134    17.5087   -1.37017   -3.36241    7.54294    24.2225  -0.657949   -3.21338   -3.35367   -3.36794   -2.50663    16.4042     5.7236    11.3845    13.7913   -3.26451   -3.30724   -3.33823    36.5512    19.1078    20.2418     -30.39   -13.3561   -2.91234   -3.36006   -3.01221    36.4346    13.7177   -2.14369    -3.3724   -3.35248   -3.35762   -3.32896   -2.75103   -3.28552  -0.322366   -2.52298   -2.66608   -3.36656   -29.1998    -3.4346
   16.0305   -200.586   -197.978    -197.43    -27.088    6.90792   -200.227    1.03873   -13.0904   -2.66053    9804.17   -7.14106    12.0608   -6.37773   -103.073      6.123    -11.286    -194.59    19.6425   -200.797    9.78487     2.7171    -2.2027    22.3417   -147.602   -38.3015   -200.807   -200.869   -31.6541   -49.2657    -197.06   -1.78911   -196.394   -195.748    8.54797   -201.433   -68.9586   -189.186   -55.7213   -198.337   -194.557   -200.625    22.0638   -30.6007   -153.064   -200.704   -11.7229   -8.20816    9.90978   -55.5377    9.05492    20.8924   -200.691   -193.986  -0.765507   -198.958    29.8163    2.56411   -192.187    7.12496    23.2748   -189.447   -200.944   -29.2716    23.7842   -182.313   -199.388   -200.717   -200.736   -194.662   -5.41104    10.4928   -90.8001   -34.6105   -199.074   -200.298   -200.601    21.1573    8.69878    37.0196   -114.927    12.3742   -198.002   -200.754   -198.319    24.4988    14.9138   -190.655   -200.646   -201.424   -200.841   -200.265   -197.396   -199.673   -183.772   -195.541   -196.504   -200.711  -0.227486   -200.045
  -4.31411   -6.36756   -7.12159   -7.41312    39.4758    5.86225   -6.33157    -9.7254    35.8055    13.5438   -7.14106    43.3242    9.16618   -116.983    53.7979   -41.2191    8.25411   -7.42528    45.3513   -6.46134   -11.3086  -0.929209    -4.7842   -23.4542   -12.9396   -24.4708   -6.43037     -6.415     3.5989    53.0211   -8.06568   0.190218    -7.5576   -6.41856    25.0428   -7.12308    45.0839   -9.08302    54.5031   -6.80122   -7.62338    -6.4842   -18.2825    33.5242    -10.304   -6.42289    12.6061    36.5443    13.2162    22.1215    9.96013   -23.2262   -6.41047    -7.2629   -3.86658   -6.47657    3.29499  -0.256358   -9.12146    8.21702   -29.4804    -9.3481   -6.46901    48.9539   -26.4151   -9.01168    -6.4575   -6.42232   -6.37843   -7.25749    36.4026    14.1934   -13.0838    30.3003   -6.16841   -6.44196    -6.4368   -32.5814    16.4075     6.9897    59.7312   -36.0731   -7.03241   -6.41253   -6.79147   -24.1585    14.1098   -7.02619   -6.33228   -6.66697   -6.45083   -6.35428   -7.38782   -6.30281   -10.8914    -7.5245   -7.36745   -6.37484   -2.39931   -5.90802
   -499.85     12.915    13.0275    13.3307   -409.039   -384.897    12.6576  0.0605959    251.942    21.8795    12.0608    9.16618    9507.21    207.551   -220.784   -9.82942    34.0834    12.0746    138.107     13.203   -8.82152   -20.0676   -294.942   -503.689    21.6207   -328.595    13.1505    13.1548    86.2345   -293.783    14.4295    -9.9401    13.1339    10.6038   -262.377     14.777   -195.948    13.3987   -333.564    12.5867    12.4551    13.1544   -519.719   -120.579    13.2887    13.0815   -61.1364   -429.936   -277.022   -57.2317   -493.553   -491.667    13.0515    11.4917   -407.978    12.2759    0.71184    45.9653    14.5308   -329.955   -485.816    14.0391    13.2958   -294.657   -505.104    11.2764    12.4593    13.0875    13.0151    11.7723   -205.964   -264.255    61.4917   -96.0521    11.7491    12.9027    13.0528   -522.115   -478.651    62.6041   -208.965   -15.2558    12.8674    13.0889    12.5587   -529.971   -170.012    9.65907    12.8811    13.9222     13.207    12.7204    13.2653    12.3136    15.7495    12.6867    12.8119    12.9952   -323.184    11.7644
   156.637   -38.7598   -19.2354   -14.4805    174.465   -425.316    -36.785    -120.75   -789.088   -31.6369   -6.37773   -116.983    207.551    5969.13    69.1239    151.406   -198.003    2.38965      -2098   -39.5483     153.97    16.6854   -997.878     296.96    280.596     59.449   -39.7707   -40.2235    561.111    178.296   -8.94929    63.2957   -7.58714   -9.59402   -406.257   -39.9617    212.844    42.2172    141.382   -23.0293     3.5898   -38.3907    320.225    196.787    240.886   -39.1856    454.303    186.698   -670.595    339.819    260.474    271.695   -39.1743    5.11295     90.359   -28.4123   -860.641    106.503    25.0429   -629.057    259.651    42.0432    -40.396    144.955    300.803    80.8728   -31.0926   -39.2689   -39.6071    1.10791     -66.37   -668.887    522.613    239.256    -30.705   -36.6417   -38.4917    277.178    185.137   -710.475   -190.769   -2103.62   -19.8385    -39.543    -22.967    327.632   -710.041    23.3507   -39.3077   -42.2686     -39.87   -36.8973   -14.4033   -33.6046    82.0184   -2.71004   -9.21221   -39.4764   -831.253   -37.8843
  -118.376   -112.713   -105.928    -103.86   -395.131    -86.625   -112.438    3.40447   -123.169   -13.3765   -103.073    53.7979   -220.784    69.1239    9638.71   -31.5235    73.3122   -100.104     102.42   -112.537    15.3369   -40.2625   -3.91829    -204.14    5.45051    575.345   -112.693    -112.84    221.147   -335.851   -100.314    17.9116    -101.84    -106.38   -173.445   -110.249   -249.877   -84.7933   -401.475   -107.886   -99.1209   -112.219   -180.182   -104.328   -19.4198   -112.601   -49.8666   -330.677   -133.884   -33.0398   -267.323   -220.768   -112.643   -100.076   -322.664   -110.185    34.8669    19.5824   -88.7897   -104.093   -209.089   -83.8831   -112.682   -295.007   -193.844   -75.1652   -110.812    -112.62   -112.846   -100.995   -174.136   -136.783    144.369   -74.3856   -111.771   -112.012   -112.409    32.9969   -246.882    114.229   -440.215    5.26045   -106.378   -112.711   -107.908   -111.665   -107.789   -96.7363   -112.951   -112.352    -112.64    -112.38   -103.934   -111.888    -68.103   -100.883   -102.879   -112.833   -15.0288   -114.186
   -4.8584    6.67221    6.51583    6.53594   -24.2752   -11.3691    6.59195    9.80657   -41.7357   -14.6208      6.123   -41.2191   -9.82942    151.406   -31.5235     47.179   -6.97689    6.00544   -78.4167    6.75074     11.161    -5.4598   -4.52322    18.1848    -3.1233   -17.9983    6.73925    6.74377   -50.9637    -32.195    6.73741  0.0610158    6.40133    5.80803   -9.81462    7.15074   -29.0176    5.60503   -33.0777     6.4474    6.08009    6.72946     11.738   -27.2433   -2.24217    6.71736   -5.06893   -23.8732   -3.60797   -27.9663   -7.99251    19.0296    6.70975    5.82433    7.49032    6.42346    5.85156    20.6141     6.2199   -7.40803    24.3078    5.75977    6.78058   -29.4857    20.3738    4.16466     6.4938    6.71952    6.70392    5.95057   -20.1907   -2.94315   -23.8464   -28.1088     6.3134    6.65224    6.70473    12.1868   -13.8529   -10.8299   -35.4929    54.5924    6.48288    6.72198    6.43982    12.9808    2.40958    5.09012    6.66793    6.95258     6.7542    6.60861    6.51888    6.47945    5.15311     6.2265    6.34334    6.69791   -7.37744    6.37691
   16.5291   -15.0584    -13.081   -12.7211     56.017    54.5981   -14.7356   -15.4762    269.838    30.9609    -11.286    8.25411    34.0834   -198.003    73.3122   -6.97689    189.537   -10.3635   -35.1011   -15.2732   -127.477   -44.0204     29.348   -111.173    17.4401    32.0248   -15.2718   -15.3205    33.7974     96.593   -12.6413    5.19267   -11.9039   -10.9603     58.456   -16.0468    84.3179   -6.66682    85.5014   -13.2751   -10.4088   -15.1313   -71.9838    67.8995    16.1591   -15.1795    55.0687    79.9462    44.3407     59.082      17.12   -119.622   -15.1644   -9.80919   -92.0366   -13.6924   -21.8033   -68.0566   -9.04583    49.1705   -147.373   -6.97316   -15.4036    96.8579   -121.519   -1.45874   -14.0551   -15.1909   -15.1922   -10.3621    70.5506    43.0063    32.1576    64.2212   -13.6875   -14.8342   -15.0946   -69.8619    50.4902   -28.0036    42.2903    -79.656   -13.0706   -15.2198   -13.2557   -72.5881     24.692   -7.03304   -15.0992   -15.8874   -15.3082   -14.7762   -12.6829   -14.2479   -3.30736   -11.1835   -11.9283   -15.1695    37.8063   -14.4358
   16.0197   -198.361   -196.359   -195.964   -24.5895     8.9673   -198.058   0.454944  0.0379134   -2.45201    -194.59   -7.42528    12.0746    2.38965   -100.104    6.00544   -10.3635    9806.38    21.9702   -198.554    6.83922    3.19587    2.09411    21.4593   -155.443   -38.1161   -198.556   -198.604   -52.5588   -50.4152   -195.785   -1.20919   -195.136   -194.381    6.47022   -199.206   -72.9859    -189.47   -53.4013   -196.593   -193.633   -198.416     21.059   -40.5489   -159.538   -198.469    -11.343   -7.94872    10.3564   -67.6836    9.21338    20.2985   -198.456    -193.09    1.77774   -197.041    21.6797   0.813444   -191.962     9.1011    22.4836   -189.737   -198.676   -32.0532    22.7244   -183.753   -197.392    -198.48   -198.487   -193.648   -11.4455    10.4744   -107.275   -45.6321   -197.077   -198.139   -198.387    19.7509    8.82523    25.5293   -104.415    14.8925   -196.361   -198.509   -196.575    23.0978    11.8442    -190.29   -198.404    -199.11   -198.588   -198.094    -195.93   -197.597   -185.325   -194.426    -195.19   -198.466    3.55209   -197.825
   156.035    9.80666    15.5395    16.7179  -0.198312    454.071    10.5401    123.491    -130.24   -39.2356    19.6425    45.3513    138.107      -2098     102.42   -78.4167   -35.1011    21.9702    3080.36    9.42202    129.191    23.6412    517.117   -275.367    25.4344    1.82263    9.37918    9.23724   -688.287    245.053    17.6351    -12.839    18.7212    19.5552    315.859    8.51808    218.603     30.526      112.3    14.6797    22.0651    9.80214   -164.088    51.1343    41.1605    9.59356   -1095.27    209.934     386.53   -27.7438    24.0726   -308.257    9.61179    23.0109   -367.247    13.2584   -845.753   -26.7628    26.0575    465.971   -355.491    30.0753     9.1148    296.769    -289.45    39.0949    12.3648    9.56494    9.49621    21.8058    191.877    358.316   -220.881   0.640002    12.8399    10.4624    9.82123   -47.0315    181.625   -1383.67   -185.722   -442.742     15.452    9.47974    14.7124   -119.392    84.4659    28.6339    9.65441    8.22862    9.32084    10.4746    16.7748    11.6805    36.0679    20.2802    18.4561    9.54631    510.792     10.642
   16.6497    -209.21    -204.36    -203.25   -34.4032  -0.271773    -208.64    3.24097   -63.7479   -3.35033   -200.797   -6.46134     13.203   -39.5483   -112.537    6.75074   -15.2732   -198.554    9.42202    9790.51    21.0236    1.16056   -18.2131    26.4821    -119.05   -42.9764   -209.533   -209.647    44.4268   -43.1763   -202.184   -4.17081   -201.437   -201.168    17.3523   -210.083   -52.7086   -188.522   -62.3362    -205.18   -198.362   -209.192    26.6091    6.93163   -129.489   -209.367   -12.5625   -7.32158    9.07784    -10.358    9.86335    24.0124   -209.355   -197.672   -8.97873   -206.434    59.6705    9.15177   -193.421   0.396004    27.0244   -188.768   -209.733   -17.2319    28.5204   -177.345   -207.161   -209.389   -209.451    -198.79    18.0787    11.4102   -30.7639     6.7093   -206.845    -208.68   -209.186    25.9688    9.59648    78.7266    -152.54    2.89844   -204.462   -209.458   -205.155    30.1493    26.9797   -192.359   -209.335    -210.39   -209.575   -208.687   -203.211   -207.743   -178.436   -200.052   -201.752   -209.412    -14.251   -208.637
  -10.4762    20.7833     14.044    12.3931    31.6073   -37.7918    20.1273    8.51108   -427.561   -18.1096    9.78487   -11.3086   -8.82152     153.97    15.3369     11.161   -127.477    6.83922    129.191    21.0236    148.785    19.7673   -26.0824    59.8386   -72.8316   -17.9425    21.1073    21.2644   -91.4208   -42.4456    10.4064    8.31183    10.0816    11.0249   -53.2776    20.9814   -63.9502   -6.31807    9.07893    15.3897    6.40058    20.6268    38.8814   -87.8707   -63.3067    20.9118   -77.9704   -21.8327   -40.6037   -97.3174    11.2263    67.2754    20.9114    5.98729    96.3683    17.2746    8.81127    54.1948  -0.866467   -38.6604    74.3081   -6.31413    21.3077   -62.0981    61.4168   -18.3182    18.1785    20.9401    21.0663    7.29831   -71.7962   -40.9375   -110.338   -90.5519    18.1261    20.0488    20.6739    16.2044   -15.7967    24.8484    139.731    47.6007    14.2673    21.0353    15.3715    28.8617   -34.7243   0.123014     20.978    21.8856    21.1351    20.1589    12.3739    19.0643   -18.9529    8.48635    10.6637    21.0232   -30.1297    20.6147
  -4.51345    1.13699    2.23843    2.56814   -40.0893   -45.0326    1.18636    1.33387    -34.839   -2.65992     2.7171  -0.929209   -20.0676    16.6854   -40.2625    -5.4598   -44.0204    3.19587    23.6412    1.16056    19.7673    54.9558   -52.5184    41.6101    19.3991    209.538    1.13596    1.11184    50.3173   -41.2332    3.12191  -0.971519    2.89789     2.2069   -37.6897     1.5055   -23.1044    5.62322   -48.3016    1.92847    3.34769    1.21334    30.7567    1.30057    15.7799    1.15226   -12.4618   -44.3848   -46.2882    14.7011   -14.9478    41.8328     1.1459    3.21004    15.9417    1.56023    22.6631   -94.7007    4.96853   -51.1183    52.6947    5.75743    1.13524   -38.5046    46.7528    7.18033    1.45498    1.14905    1.11339    3.05734   -19.8431   -43.8575     38.967    7.18125    1.31125    1.25147    1.18403    61.3148   -29.5752    41.0195   -50.8112   -13.9724    2.16839    1.13418    1.92541    40.2822   -22.1414    3.77719    1.09868    1.17786    1.14364     1.1948    2.55726    1.28225    8.21941    3.05983    2.73553    1.11598   -49.8264   0.917006
  -464.134   -17.8582   -8.36628   -6.01062     18.839    -885.28   -16.9271    19.4797    108.024   -36.8016    -2.2027    -4.7842   -294.942   -997.878   -3.91829   -4.52322     29.348    2.09411    517.117   -18.2131   -26.0824   -52.5184    8793.61    120.511    150.595   -1317.62   -18.3255    -18.544     440.39   -67.0473   -3.16987   -21.4052   -2.66138    -3.9515   -527.013   -18.2691    1.72543    22.0189   -15.6426   -10.2622    2.73439   -17.6575   -29.0794    34.2049    125.562   -18.0488   -104.963   -182.386   -768.239    160.072   -126.337    171.727   -18.0461    3.35199    279.646   -12.9093   -206.663    187.467    13.6415   -900.283    218.978    22.0415   -18.6146   -138.959    128.178    41.0405   -14.1901   -18.0885   -18.2587    1.42534    -211.12   -732.047    328.139    80.5052   -14.0735   -16.8346   -17.7158   -437.119   -297.067    23.5315    21.0616    -935.45   -8.67815    -18.221   -10.2349   -158.385    -534.61    12.0516   -18.1263   -19.4643   -18.3683   -16.9755   -5.98051   -15.4211     42.548  -0.327424   -3.49648   -18.1974   -1142.63   -17.5418
  -472.724    26.1873    24.3428    24.0858   -530.123   -79.0995    25.8006    -20.876   -379.339    22.8828    22.3417   -23.4542   -503.689     296.96    -204.14    18.1848   -111.173    21.4593   -275.367    26.4821    59.8386    41.6101    120.511    9092.88   -6.97411   -151.099     26.464    26.5112   -59.4302   -214.208    24.3182     37.383    23.2416    21.6034    8.93252     27.712   -118.062    18.1688   -346.861    24.3958    21.6079    26.3324   -802.997   -39.8364    -5.5998    26.3547    73.3146   -392.503    53.7561   -41.4883   -609.964   -932.998    26.3309    20.7641   -901.743    24.6959    92.7065    -16.543    20.8007    15.4976   -981.891    18.6188    26.6349   -165.792   -923.202     12.518    25.0959    26.3674    26.3454    21.3736   -28.4537    59.0939    -35.507   -37.6838    24.5252    25.9717    26.2654   -634.338   -456.669    44.0367   -335.534    273.944    24.2853    26.3951    24.3689   -754.814    93.1371    17.6005    26.2148    27.2925    26.5164     25.859    24.0302    25.2317    15.2321    22.4205    23.1737    26.3176    68.3559    25.2308
   23.6452   -119.466   -137.078   -141.636    63.5325    84.5193   -120.977   -15.7965    296.372    4.63705   -147.602   -12.9396    21.6207    280.596    5.45051    -3.1233    17.4401   -155.443    25.4344    -119.05   -72.8316    19.3991    150.595   -6.97411    9589.88   -43.5024   -118.797   -118.395   -781.073   -77.8095   -147.683     12.219   -147.598   -143.265   -62.0534   -120.278   -197.781   -192.188     31.629   -133.237   -156.894    -120.04   -7.85427   -375.901   -367.816   -119.253    25.7817    11.2731    27.3106   -476.517    22.2588  -0.410412   -119.232   -157.291    74.6818     -128.1   -285.912   -56.7317   -178.057    80.3049   -6.59047   -192.663   -118.384    -115.12   -11.8403   -224.372   -125.883   -119.184   -118.807   -153.997   -214.016    10.8922   -664.295   -418.358   -125.512   -121.354   -119.846   -22.3468    22.7258   -409.594    229.654     84.058   -136.377   -118.939   -133.265   -18.0237   -99.1167   -171.727   -118.939   -117.339   -118.766    -120.94   -141.639   -123.482   -229.694   -151.505   -145.823   -118.904    135.182   -119.084
  -897.404   -41.9283   -42.0684   -43.0717    517.145   -952.553     -40.98    59.1029    132.559   -140.888   -38.3015   -24.4708   -328.595     59.449    575.345   -17.9983    32.0248   -38.1161    1.82263   -42.9764   -17.9425    209.538   -1317.62   -151.099   -43.5024    4556.57   -42.7884   -42.8076   -94.1241    605.709   -46.9274   -39.1116   -42.2059   -33.1298    186.356   -48.6788     542.06    -41.356    630.004   -40.5422    -39.454   -42.7902   -381.614    455.863   -19.8879   -42.5338   -66.1688    294.356   -194.246    303.012   -70.5182   -36.3572   -42.4255   -35.9336    433.576   -39.5024     359.45   -758.507    -46.219   -652.727   -23.1232   -43.6842   -43.3189    555.438    -180.94   -31.4119      -40.2   -42.5562   -42.2974   -37.0625    480.688   -105.569   -116.014     412.79    -37.633   -41.8639   -42.4239   -1642.03   -184.446    303.222    583.769   -61.9847   -41.5009   -42.5636   -40.4402   -770.437     239.81   -28.7039   -41.8106   -45.5996   -42.9933   -41.2081   -42.8335   -39.7043   -47.5547    -40.467   -41.0808   -42.2244   -1311.88   -37.7676
   16.6284   -209.248    -204.38   -203.267   -34.5685  -0.346846   -208.677    3.25805    -64.164   -3.36014   -200.807   -6.43037    13.1505   -39.7707   -112.693    6.73925   -15.2718   -198.556    9.37918   -209.533    21.1073    1.13596   -18.3255     26.464   -118.797   -42.7884    9790.43   -209.686     45.056   -43.2276   -202.194   -4.18177   -201.447   -201.183    17.3542   -210.121   -52.6545   -188.488    -62.496   -205.204   -198.363    -209.23    26.6005     7.1734   -129.278   -209.405    -12.581   -7.41348    9.02428    -10.029    9.79523    23.9818   -209.393   -197.672   -9.12407   -206.464    59.8806    9.19627   -193.401   0.314275    27.0027   -188.733   -209.772   -17.2335    28.5102   -177.278   -207.193   -209.428    -209.49   -198.794    18.1888    11.3674   -30.2558    6.98953   -206.877   -208.717   -209.224    26.0344    9.53239    79.0463   -152.922    2.82082   -204.484   -209.497    -205.18    30.1714    27.0219   -192.345   -209.374    -210.43   -209.614   -208.724   -203.227   -207.777   -178.364   -200.058   -201.764   -209.451    -14.352   -208.676
   16.6326   -209.361   -204.462    -203.34   -34.6915  -0.449542   -208.787    3.28891   -64.8909   -3.37051   -200.869     -6.415    13.1548   -40.2235    -112.84    6.74377   -15.3205   -198.604    9.23724   -209.647    21.2644    1.11184    -18.544    26.5112   -118.395   -42.8076   -209.686     9790.2    46.1111   -43.1627   -202.258   -4.21424    -201.51   -201.251    17.4616   -210.233   -52.4438   -188.472    -62.609   -205.292   -198.408   -209.342    26.6551    7.68092   -128.945   -209.518    -12.592   -7.42048    9.00267   -9.40991    9.79207    24.0137   -209.506   -197.716   -9.25599   -206.561    60.2832    9.28592   -193.411   0.215355     27.044   -188.716   -209.887   -17.0859    28.5664   -177.202   -207.294   -209.541   -209.604   -198.844    18.4978    11.3692   -29.4183    7.55111   -206.978   -208.826   -209.336    26.1077    9.53127    79.6143   -153.462    2.68648   -204.566    -209.61   -205.268    30.2461    27.1761   -192.362   -209.487   -210.548   -209.728   -208.834     -203.3   -207.882   -178.283   -200.114   -201.829   -209.565   -14.5439   -208.788
   80.3211    43.1582   -3.11353   -14.9873    233.956    258.172    39.0371   -13.4524    136.162     14.409   -31.6541     3.5989    86.2345    561.111    221.147   -50.9637    33.7974   -52.5588   -688.287    44.4268   -91.4208    50.3173     440.39   -59.4302   -781.073   -94.1241     45.056    46.1111     7823.6    -55.726   -30.3313    9.89164   -30.9474   -21.0695   -168.945     42.203   -342.167   -150.917    217.246    6.75046   -56.1886     41.805   -39.7844   -948.075   -658.054    43.8213    268.681    103.287    71.5144   -1168.83    82.3915    -50.376    43.8553   -57.8832    123.973    20.0893   -1044.18   -144.688   -111.745    237.124   -80.6233   -151.773    46.2301   -191.707    -75.989   -241.137    26.0372    44.0048    44.9463    -48.893    -555.24    20.6568   -1621.28   -1061.56    26.5628     38.203    42.2486   -70.1149    99.1723   -1488.06    690.575    83.4127    -1.3623    44.6461    6.65998   -63.7448   -338.775   -97.9091    44.5148    49.3563    45.1747    39.1738    -15.038    32.2499   -252.717   -41.6427   -26.4366    44.6797    398.712    43.4333
  -194.685   -43.7171   -46.0902   -46.2531   -390.105   -178.244   -44.3647  -0.123557     240.66   0.194155   -49.2657    53.0211   -293.783    178.296   -335.851    -32.195     96.593   -50.4152    245.053   -43.1763   -42.4456   -41.2332   -67.0473   -214.208   -77.8095    605.709   -43.2276   -43.1627    -55.726    9585.91   -45.3028    8.57721    -47.466   -51.0587   -329.429   -40.7207    -354.05   -53.8113   -406.507    -46.265   -49.9947      -43.4   -216.343   -305.027   -84.2778   -43.4084    -76.878   -403.625   -261.673   -232.449    -316.61    -217.75   -43.4555   -51.6708   -246.379   -46.0347   -156.634    6.20088   -49.7122   -207.008   -198.438   -52.8022   -42.9255   -417.521    -204.11   -62.5256   -45.4059   -43.3885   -43.4551   -50.7052   -359.453   -270.591   -61.7777   -280.983   -46.5377   -44.0099   -43.5418   -28.0931   -324.534   -94.4859   -262.304   -61.8919   -46.2554    -43.351   -46.3158   -163.736   -272.974   -56.9397    -43.698   -41.7289   -43.1288   -44.2545   -46.3633   -45.3012   -55.7815   -48.7983   -47.7425   -43.5023   -84.1985   -45.5817
   17.0644   -201.964    -199.28    -198.72   -23.3191    7.43481   -201.592    1.12546   -14.7839   -2.52707    -197.06   -8.06568    14.4295   -8.94929   -100.314    6.73741   -12.6413   -195.785    17.6351   -202.184    10.4064    3.12191   -3.16987    24.3182   -147.683   -46.9274   -202.194   -202.258   -30.3313   -45.3028    9801.65   -2.16128   -197.651   -196.962    11.4345   -202.854   -65.6041   -190.242   -51.9049   -199.646   -195.755   -202.006    23.8511   -27.3094   -153.183   -202.087   -11.2185   -4.43985    11.7176    -53.014    11.8743    22.9902   -202.074   -195.158     1.8465   -200.281    31.7005     3.0726   -193.339    8.05557    25.2277   -190.517   -202.336   -25.2017    25.6558   -183.158   -200.726   -202.101   -202.119   -195.857   -1.77556    12.4695   -90.1416   -31.5242   -200.396   -201.667    -201.98     20.284    11.4279    38.6305   -113.107    12.1981   -199.304   -202.139   -199.626    25.5108    17.3419   -191.715   -202.026   -202.837    -202.23   -201.632   -198.683   -201.018   -184.704   -196.769   -197.761   -202.093  -0.972436   -201.395
  -23.1888   -4.08879   -2.74089   -2.44269    29.4986   -30.0026   -3.92618   -3.38187   -131.238    10.6507   -1.78911   0.190218    -9.9401    63.2957    17.9116  0.0610158    5.19267   -1.20919    -12.839   -4.17081    8.31183  -0.971519   -21.4052     37.383     12.219   -39.1116   -4.18177   -4.21424    9.89164    8.57721   -2.16128    24.5913   -1.96024    -1.8813   -17.8742   -4.34389    8.96339    1.22268    21.4554    -2.9628    -1.1614   -4.08451    15.2467    1.07711    11.0506   -4.13406     1.3323    1.35887   -20.6652    7.92629    6.96998    46.9383   -4.13053  -0.983089    77.3671   -3.30714   -3.50675   -4.93166  0.0622866   -25.4253    54.6748    1.16498   -4.23935   -0.51214     37.995    3.65053   -3.50976    -4.1405   -4.15782   -1.26874   -9.16694   -19.6256    15.8239    2.79779   -3.41937    -3.9383    -4.0824     -26.66   -9.55634   -2.61861    27.1569    12.1994   -2.76829   -4.16002   -2.95607   -1.55913   -13.0048   0.331012   -4.12442    -4.4299   -4.19396   -3.93978   -2.43183   -3.67203    3.42569   -1.59695   -2.04229   -4.14676   -25.1464   -3.92244
   16.4998   -201.221   -198.576   -198.022    -25.395     7.1371   -200.856    1.08094   -13.9277   -2.60141   -196.394    -7.5576    13.1339   -7.58714    -101.84    6.40133   -11.9039   -195.136    18.7212   -201.437    10.0816    2.89789   -2.66138    23.2416   -147.598   -42.2059   -201.447    -201.51   -30.9474    -47.466   -197.651   -1.96024    9803.03   -196.304    9.86618   -202.088   -67.4195   -189.663    -54.006   -198.939   -195.105   -201.262    22.8789   -29.0593   -153.085   -201.342   -11.4963   -6.50329    10.7269   -54.3326     10.331    21.8456   -201.329   -194.522   0.403519   -199.567    30.7117    2.80275    -192.71    7.53723    24.1634    -189.93   -201.586   -27.4147    24.6376   -182.688   -200.005   -201.355   -201.374   -195.208   -3.73374    11.3887    -90.417   -33.1564   -199.683   -200.929   -201.237    20.7708    9.93434    37.8085   -114.159    12.2823     -198.6   -201.393    -198.92    24.9653    16.0296   -191.137   -201.283   -202.076   -201.482   -200.895   -197.986   -200.293   -184.186   -196.103    -197.08   -201.349  -0.582877   -200.668
   15.4039   -200.952   -198.059   -197.436   -30.7626    5.46512    -200.57    1.30598   -19.3293   -2.85604   -195.748   -6.41856    10.6038   -9.59402    -106.38    5.80803   -10.9603   -194.381    19.5552   -201.168    11.0249     2.2069    -3.9515    21.6034   -143.265   -33.1298   -201.183   -201.251   -21.0695   -51.0587   -196.962    -1.8813   -196.304    9804.26    7.91712   -201.774   -68.8072   -188.378   -59.3232   -198.483   -194.323    -200.98    21.5121   -27.1851   -149.451   -201.072   -12.2235   -10.6539    8.56216   -50.4524    7.24066    19.9206    -201.06   -193.751   -3.77273   -199.188    33.0851     3.2122   -191.599    5.48061    22.4976   -188.627   -201.325   -30.2389    23.2067   -181.002   -199.654   -201.087   -201.112   -194.479    -4.3416    9.29503   -82.2116   -30.4844    -199.35   -200.634    -200.96    22.4566    6.96053    42.2764   -121.797     11.102   -198.095   -201.128   -198.464    24.6396    15.1003     -190.2   -201.021   -201.818   -201.217   -200.609   -197.402   -199.978   -182.347   -195.391   -196.445   -201.085   -1.83023   -200.424
  -248.582    16.9035     12.498    11.6757   -174.889   -472.379    16.2108     9.6171    250.426    13.4945    8.54797    25.0428   -262.377   -406.257   -173.445   -9.81462     58.456    6.47022    315.859    17.3523   -53.2776   -37.6897   -527.013    8.93252   -62.0534    186.356    17.3542    17.4616   -168.945   -329.429    11.4345   -17.8742    9.86618    7.91712    9422.19    18.9163   -305.534   -1.94784   -227.654    12.9641    6.55193    17.0424   -60.7456    -390.39   -59.2575    17.1562    -52.286   -324.716    -592.63   -286.348   -193.868    29.8981    17.1256    5.25037    70.9523    13.9216   -504.939    47.7509    3.41792   -545.571    64.0855   -1.25563    17.6323   -408.656    19.5289   -14.0425    14.7143    17.1808    17.1906    6.48452   -507.914   -598.183   -109.959   -364.093    13.9587    16.4068    16.9707   -77.3985   -297.035   -411.096   -12.9175   -610.387    12.4865    17.2447    12.9231   -75.7604   -602.802  -0.996256    16.9973     18.642    17.4295    16.2953    11.5951    15.1576   -9.62237    8.27972    9.94024    17.1422   -506.001    15.6313
   17.3254   -209.796   -204.986   -203.891   -31.4967   0.342135   -209.226    3.21368   -62.7089   -3.22405   -201.433   -7.12308     14.777   -39.9617   -110.249    7.15074   -16.0468   -199.206    8.51808   -210.083    20.9814     1.5055   -18.2691     27.712   -120.278   -48.6788   -210.121   -210.233     42.203   -40.7207   -202.854   -4.34389   -202.088   -201.774    18.9163     9789.3   -51.0904    -189.27   -59.4388   -205.791   -199.023   -209.783    27.6772    7.61699   -130.538   -209.955   -12.1983   -4.78153    10.2948   -10.5018    11.7751    25.3731   -209.942    -198.32   -6.78332    -207.03    59.6893    9.22244   -194.157    1.25912    28.2658   -189.526   -210.322   -14.9604    29.6551   -178.125   -207.755   -209.977   -210.037   -199.435     19.563    12.6706     -32.78    7.10124   -207.428    -209.27   -209.775    25.1817    11.4235    78.0826   -149.708    3.11131   -205.085   -210.045   -205.767    30.6319    28.0906   -193.012   -209.919   -210.985   -210.164   -209.274   -203.851   -208.329   -179.291   -200.705   -202.394   -209.998   -14.2339   -209.206
